7 0 5
11 0 5
12 0 5
14 0 4
20 0 7
22 0 6
23 0 6
24 0 3
26 0 4
33 0 7
40 0 3
43 0 6
51 0 7
52 0 6
54 0 6
57 0 3
58 0 7
59 0 6
66 0 6
69 0 7
70 0 4
79 0 3
82 0 3
91 0 7
92 0 5
94 0 6
98 0 5
99 0 7
12 1 4
23 1 4
34 1 5
41 1 5
42 1 6
59 1 7
65 1 6
73 1 3
76 1 6
78 1 5
79 1 3
80 1 4
81 1 3
82 1 5
88 1 5
91 1 7
93 1 6
94 1 5
4 2 5
11 2 3
14 2 6
39 2 6
44 2 5
48 2 4
49 2 7
56 2 6
66 2 4
71 2 6
81 2 4
83 2 7
89 2 5
93 2 5
95 2 4
99 2 6
4 3 7
5 3 6
8 3 4
10 3 6
12 3 6
13 3 3
20 3 3
24 3 5
30 3 6
31 3 6
41 3 4
47 3 6
48 3 3
55 3 6
56 3 3
59 3 3
63 3 6
65 3 4
69 3 7
79 3 3
80 3 3
84 3 5
89 3 3
90 3 4
93 3 4
95 3 4
98 3 7
6 4 6
10 4 4
11 4 4
12 4 5
32 4 3
35 4 5
39 4 3
43 4 4
44 4 4
45 4 4
48 4 3
50 4 5
53 4 4
54 4 5
59 4 5
70 4 4
71 4 6
74 4 3
76 4 5
78 4 3
80 4 3
81 4 4
82 4 5
99 4 3
0 5 4
3 5 6
6 5 3
7 5 4
20 5 5
23 5 5
24 5 6
28 5 4
38 5 7
40 5 7
41 5 5
47 5 5
52 5 7
57 5 7
59 5 3
60 5 6
62 5 6
69 5 5
71 5 4
73 5 4
90 5 3
99 5 6
8 6 5
14 6 4
26 6 6
31 6 4
32 6 6
34 6 6
36 6 3
49 6 3
50 6 5
52 6 3
57 6 5
68 6 3
69 6 3
70 6 6
71 6 6
80 6 3
81 6 4
86 6 5
89 6 5
95 6 6
98 6 5
13 7 5
14 7 6
20 7 4
21 7 5
26 7 4
28 7 6
30 7 4
34 7 4
38 7 4
42 7 4
49 7 3
59 7 6
63 7 5
68 7 3
70 7 4
74 7 7
77 7 4
80 7 3
86 7 5
89 7 3
96 7 5
0 8 5
2 8 6
7 8 5
9 8 4
11 8 4
27 8 7
28 8 5
36 8 4
39 8 5
40 8 3
42 8 7
57 8 3
58 8 6
60 8 3
64 8 5
65 8 6
68 8 7
69 8 3
71 8 3
76 8 6
78 8 6
81 8 6
85 8 4
89 8 4
90 8 5
93 8 3
99 8 4
10 9 4
22 9 6
24 9 6
27 9 7
34 9 3
38 9 4
39 9 7
43 9 5
44 9 3
46 9 3
51 9 6
52 9 5
53 9 7
69 9 3
78 9 5
81 9 4
84 9 7
85 9 3
86 9 5
89 9 6
90 9 5
93 9 6
94 9 6
4 10 5
7 10 6
11 10 7
29 10 5
30 10 6
33 10 5
35 10 4
45 10 6
57 10 4
59 10 3
60 10 6
61 10 5
66 10 6
74 10 7
77 10 4
78 10 4
79 10 4
80 10 5
84 10 7
91 10 5
6 11 4
10 11 5
14 11 6
21 11 4
22 11 3
24 11 3
30 11 3
31 11 3
40 11 5
43 11 4
45 11 5
46 11 6
48 11 6
55 11 5
56 11 6
59 11 5
62 11 4
64 11 6
67 11 4
70 11 4
72 11 4
73 11 6
75 11 7
80 11 4
82 11 7
93 11 5
99 11 5
1 12 3
4 12 3
8 12 5
9 12 4
22 12 5
25 12 7
33 12 6
37 12 5
46 12 7
48 12 5
56 12 7
57 12 5
60 12 4
65 12 3
70 12 3
77 12 4
78 12 3
81 12 4
91 12 4
93 12 3
94 12 4
7 13 3
10 13 4
11 13 4
22 13 7
23 13 5
30 13 3
33 13 6
47 13 5
50 13 7
51 13 5
53 13 4
54 13 5
56 13 4
59 13 4
66 13 6
73 13 5
88 13 6
2 14 6
7 14 5
13 14 5
35 14 7
38 14 3
40 14 4
42 14 6
47 14 4
48 14 3
49 14 4
57 14 5
59 14 6
60 14 5
66 14 7
68 14 4
73 14 4
77 14 7
80 14 5
83 14 7
85 14 6
86 14 5
87 14 4
95 14 3
96 14 5
97 14 6
2 20 7
4 20 3
9 20 7
12 20 5
21 20 4
22 20 5
23 20 5
28 20 7
39 20 4
43 20 4
45 20 4
54 20 7
55 20 3
62 20 4
63 20 3
71 20 7
73 20 5
92 20 5
93 20 3
97 20 3
13 21 7
24 21 4
31 21 3
44 21 7
50 21 3
53 21 7
57 21 6
58 21 6
60 21 3
65 21 6
69 21 5
80 21 3
92 21 5
95 21 7
4 22 6
5 22 7
6 22 3
24 22 6
27 22 6
30 22 4
32 22 3
36 22 5
46 22 3
49 22 7
54 22 6
57 22 4
60 22 7
62 22 3
69 22 4
73 22 7
76 22 4
87 22 6
91 22 3
93 22 5
0 23 7
5 23 6
10 23 4
14 23 5
40 23 3
45 23 4
46 23 3
49 23 6
50 23 7
63 23 4
76 23 4
77 23 6
5 24 7
6 24 6
10 24 3
12 24 3
20 24 6
22 24 6
29 24 5
31 24 3
35 24 6
43 24 3
47 24 3
63 24 6
68 24 6
78 24 7
2 25 4
3 25 7
12 25 4
14 25 3
36 25 4
38 25 4
43 25 3
51 25 7
53 25 4
58 25 7
59 25 3
68 25 7
72 25 5
73 25 7
79 25 4
92 25 6
5 26 5
13 26 3
23 26 6
29 26 4
31 26 3
42 26 7
50 26 7
55 26 5
59 26 5
61 26 4
62 26 3
64 26 7
66 26 5
68 26 5
69 26 4
72 26 5
75 26 4
91 26 6
93 26 4
95 26 4
10 27 5
12 27 3
24 27 3
25 27 6
26 27 4
28 27 7
29 27 4
32 27 5
40 27 5
41 27 6
62 27 6
64 27 3
66 27 5
68 27 6
71 27 4
75 27 4
97 27 5
0 28 3
1 28 6
5 28 4
8 28 4
13 28 3
26 28 4
32 28 5
36 28 6
41 28 6
43 28 4
47 28 4
53 28 4
55 28 3
58 28 3
60 28 4
61 28 4
62 28 5
64 28 5
65 28 6
69 28 6
70 28 6
79 28 5
90 28 4
93 28 7
3 29 6
11 29 7
13 29 7
20 29 7
27 29 6
30 29 3
31 29 5
43 29 5
48 29 7
66 29 7
67 29 3
68 29 4
69 29 3
71 29 6
72 29 3
73 29 3
76 29 3
79 29 5
83 29 5
84 29 7
2 30 7
5 30 6
8 30 4
11 30 4
14 30 7
25 30 6
38 30 6
39 30 4
57 30 3
63 30 4
67 30 7
68 30 4
81 30 3
83 30 7
92 30 4
94 30 3
97 30 7
99 30 7
0 31 6
3 31 3
8 31 6
20 31 5
23 31 7
27 31 7
29 31 5
30 31 6
41 31 7
42 31 5
44 31 4
46 31 4
56 31 4
62 31 7
68 31 3
71 31 7
74 31 5
76 31 7
78 31 6
83 31 5
84 31 6
85 31 7
94 31 3
3 32 6
6 32 3
23 32 3
30 32 7
31 32 3
33 32 5
37 32 4
42 32 6
44 32 7
45 32 6
48 32 4
55 32 3
56 32 3
57 32 7
64 32 7
67 32 7
75 32 5
77 32 7
79 32 4
88 32 3
90 32 4
11 33 4
14 33 3
26 33 7
32 33 4
46 33 3
47 33 7
57 33 7
59 33 7
63 33 6
68 33 7
71 33 4
76 33 6
78 33 4
82 33 6
88 33 3
92 33 7
0 34 3
1 34 6
2 34 5
13 34 3
14 34 4
21 34 3
29 34 5
31 34 5
35 34 6
36 34 3
40 34 5
44 34 7
45 34 3
50 34 7
53 34 3
61 34 3
63 34 6
65 34 3
71 34 5
72 34 4
78 34 5
80 34 3
92 34 6
4 35 7
5 35 7
10 35 3
11 35 3
22 35 7
23 35 5
25 35 4
27 35 7
31 35 7
37 35 6
38 35 5
39 35 5
46 35 5
49 35 3
58 35 4
59 35 5
68 35 5
70 35 4
72 35 3
82 35 6
86 35 7
98 35 5
0 36 6
2 36 4
4 36 5
6 36 3
9 36 7
14 36 7
29 36 7
31 36 4
32 36 7
33 36 7
37 36 7
38 36 3
40 36 6
49 36 7
51 36 6
54 36 3
64 36 3
66 36 7
70 36 3
74 36 3
76 36 3
79 36 5
94 36 5
96 36 6
1 37 6
29 37 4
31 37 5
32 37 3
36 37 3
43 37 7
44 37 4
45 37 6
50 37 6
59 37 5
62 37 6
66 37 4
70 37 4
75 37 5
77 37 6
85 37 4
90 37 4
96 37 7
1 38 6
11 38 4
13 38 7
20 38 7
37 38 4
39 38 3
49 38 6
54 38 7
55 38 3
57 38 7
59 38 5
66 38 6
67 38 6
69 38 5
70 38 5
71 38 5
72 38 4
80 38 3
82 38 6
84 38 4
1 39 6
2 39 7
23 39 4
24 39 5
25 39 6
27 39 6
29 39 6
35 39 6
40 39 4
41 39 6
49 39 4
59 39 3
61 39 3
64 39 4
66 39 4
73 39 3
78 39 5
81 39 4
91 39 6
1 40 3
3 40 6
7 40 7
8 40 3
13 40 5
27 40 5
28 40 6
32 40 6
38 40 4
39 40 5
42 40 4
43 40 7
58 40 3
61 40 3
65 40 6
71 40 3
72 40 5
82 40 5
89 40 7
97 40 4
2 41 5
4 41 3
8 41 7
12 41 6
14 41 3
20 41 6
22 41 3
29 41 4
31 41 3
33 41 3
34 41 4
42 41 6
45 41 7
48 41 3
49 41 5
51 41 7
53 41 5
58 41 4
59 41 6
62 41 3
65 41 6
69 41 5
79 41 3
82 41 7
88 41 5
12 42 4
14 42 4
30 42 6
31 42 6
32 42 5
35 42 7
39 42 3
40 42 5
43 42 3
56 42 4
71 42 7
74 42 4
76 42 6
77 42 4
81 42 4
84 42 3
91 42 3
94 42 6
95 42 3
4 43 6
7 43 4
11 43 4
13 43 7
35 43 7
39 43 3
40 43 3
41 43 6
44 43 5
49 43 3
67 43 6
73 43 5
74 43 5
79 43 5
87 43 5
91 43 4
99 43 6
2 44 6
20 44 5
30 44 4
32 44 3
36 44 5
41 44 4
48 44 6
53 44 4
56 44 4
70 44 6
72 44 7
79 44 6
81 44 4
84 44 5
86 44 7
95 44 7
99 44 3
12 45 6
21 45 6
22 45 4
34 45 6
38 45 3
41 45 4
46 45 5
48 45 6
52 45 7
53 45 4
55 45 6
59 45 3
75 45 3
76 45 4
86 45 6
89 45 3
3 46 3
7 46 6
8 46 7
9 46 7
13 46 4
14 46 3
24 46 5
32 46 7
39 46 7
41 46 4
45 46 3
47 46 7
49 46 4
58 46 4
64 46 3
65 46 5
68 46 6
70 46 7
74 46 6
79 46 7
80 46 4
87 46 4
96 46 4
1 47 5
2 47 5
10 47 3
14 47 5
20 47 4
26 47 6
31 47 3
34 47 6
40 47 5
45 47 6
50 47 6
57 47 3
62 47 4
63 47 7
69 47 7
73 47 6
77 47 6
88 47 7
91 47 7
92 47 7
94 47 6
95 47 7
96 47 7
97 47 3
1 48 5
11 48 4
14 48 6
21 48 3
27 48 4
35 48 4
36 48 5
39 48 3
41 48 3
52 48 5
54 48 3
55 48 5
58 48 7
59 48 5
73 48 6
74 48 7
77 48 6
81 48 3
82 48 7
86 48 4
0 49 5
6 49 4
9 49 7
14 49 4
21 49 3
24 49 3
42 49 4
55 49 6
58 49 5
62 49 4
64 49 5
65 49 6
67 49 3
73 49 3
78 49 5
79 49 4
82 49 6
83 49 7
84 49 3
85 49 7
88 49 4
94 49 7
4 50 6
5 50 7
6 50 4
8 50 3
12 50 3
28 50 3
32 50 5
38 50 5
42 50 3
46 50 4
47 50 7
51 50 5
54 50 5
57 50 6
64 50 6
74 50 4
75 50 5
76 50 5
80 50 3
84 50 3
93 50 6
98 50 5
0 51 4
4 51 5
21 51 6
23 51 5
27 51 5
30 51 5
36 51 5
41 51 3
42 51 3
43 51 4
48 51 5
50 51 6
57 51 3
60 51 6
65 51 4
70 51 3
82 51 5
85 51 5
91 51 7
98 51 5
3 52 3
4 52 4
6 52 3
7 52 5
10 52 6
20 52 3
32 52 6
36 52 5
42 52 3
51 52 7
59 52 7
67 52 6
68 52 5
72 52 5
76 52 6
81 52 6
88 52 3
94 52 3
97 52 5
10 53 6
25 53 4
28 53 4
42 53 4
48 53 7
52 53 6
57 53 3
60 53 6
61 53 5
69 53 4
73 53 6
75 53 4
80 53 5
84 53 7
86 53 5
90 53 7
10 54 6
11 54 4
13 54 7
30 54 4
35 54 7
40 54 5
48 54 7
50 54 3
58 54 6
59 54 4
61 54 4
64 54 7
71 54 6
72 54 7
73 54 3
78 54 6
81 54 4
82 54 3
91 54 4
97 54 3
6 55 3
7 55 4
8 55 6
12 55 7
25 55 7
32 55 5
43 55 7
44 55 3
48 55 7
56 55 3
59 55 5
66 55 4
67 55 6
70 55 5
74 55 7
78 55 7
80 55 4
81 55 5
91 55 4
2 56 7
7 56 6
10 56 3
20 56 5
26 56 3
27 56 3
43 56 7
51 56 6
61 56 5
64 56 6
66 56 3
69 56 7
74 56 6
83 56 7
84 56 3
88 56 4
91 56 3
93 56 7
95 56 6
97 56 7
99 56 4
8 57 7
9 57 4
20 57 5
23 57 5
24 57 6
25 57 3
29 57 3
36 57 5
40 57 7
45 57 3
46 57 7
47 57 6
50 57 3
51 57 5
52 57 5
58 57 7
63 57 7
66 57 7
67 57 3
70 57 6
73 57 7
74 57 3
79 57 7
82 57 3
92 57 7
1 58 5
9 58 3
10 58 5
27 58 3
33 58 6
37 58 4
43 58 7
55 58 7
60 58 3
61 58 6
64 58 7
77 58 3
78 58 3
84 58 7
85 58 7
89 58 7
91 58 4
2 59 7
8 59 7
14 59 5
21 59 7
28 59 3
44 59 3
46 59 7
52 59 6
55 59 6
56 59 6
57 59 3
62 59 4
65 59 5
66 59 5
81 59 7
86 59 7
87 59 7
88 59 3
95 59 4
96 59 5
0 60 5
3 60 4
12 60 6
20 60 5
23 60 3
24 60 4
27 60 6
35 60 3
36 60 7
43 60 3
47 60 5
48 60 5
56 60 5
69 60 3
73 60 3
74 60 5
89 60 4
93 60 3
96 60 7
98 60 3
99 60 4
0 61 3
12 61 7
13 61 6
23 61 5
24 61 6
26 61 3
29 61 3
35 61 5
36 61 3
39 61 3
49 61 6
50 61 7
54 61 3
55 61 4
56 61 5
58 61 6
64 61 7
67 61 6
68 61 3
69 61 4
72 61 7
76 61 7
90 61 5
98 61 3
12 62 7
14 62 3
24 62 6
30 62 5
32 62 7
34 62 4
35 62 6
39 62 7
40 62 3
43 62 5
52 62 5
53 62 3
57 62 6
61 62 5
66 62 3
67 62 5
75 62 3
77 62 5
80 62 4
95 62 3
96 62 5
97 62 6
4 63 4
5 63 4
7 63 7
13 63 7
23 63 3
27 63 5
30 63 3
31 63 6
33 63 4
47 63 6
52 63 5
58 63 3
60 63 6
61 63 5
62 63 6
72 63 5
73 63 6
74 63 6
80 63 6
82 63 3
92 63 7
93 63 7
8 64 3
11 64 3
12 64 4
13 64 6
20 64 4
25 64 3
31 64 6
32 64 6
39 64 3
40 64 5
44 64 3
49 64 5
52 64 4
54 64 3
55 64 3
61 64 5
65 64 6
67 64 5
69 64 7
71 64 3
74 64 5
76 64 6
82 64 7
83 64 3
88 64 4
95 64 6
96 64 5
99 64 4
6 65 5
8 65 7
10 65 3
31 65 7
32 65 7
33 65 3
38 65 5
52 65 3
61 65 7
62 65 4
69 65 6
70 65 3
86 65 4
93 65 3
95 65 7
96 65 3
98 65 6
6 66 5
10 66 4
11 66 5
13 66 3
22 66 3
25 66 3
26 66 3
31 66 5
35 66 3
37 66 5
41 66 7
51 66 3
56 66 7
60 66 4
64 66 6
87 66 5
94 66 7
98 66 5
0 67 3
5 67 4
10 67 3
12 67 5
20 67 5
24 67 6
26 67 7
27 67 5
30 67 5
31 67 7
32 67 3
45 67 4
68 67 7
69 67 7
71 67 4
72 67 6
74 67 5
76 67 5
79 67 6
82 67 6
90 67 6
6 68 3
8 68 3
10 68 6
30 68 5
36 68 5
40 68 7
41 68 5
44 68 3
47 68 6
51 68 5
54 68 3
58 68 4
59 68 6
61 68 7
62 68 5
65 68 4
72 68 3
76 68 7
86 68 5
90 68 7
93 68 5
95 68 3
1 69 4
3 69 4
8 69 5
10 69 5
20 69 7
23 69 5
30 69 3
41 69 5
43 69 5
58 69 7
62 69 7
63 69 5
65 69 5
67 69 3
70 69 6
72 69 6
73 69 7
83 69 6
1 70 4
4 70 6
5 70 6
6 70 5
8 70 4
9 70 7
22 70 6
28 70 7
29 70 4
31 70 5
35 70 6
49 70 7
59 70 5
60 70 6
64 70 3
67 70 3
79 70 6
88 70 7
90 70 5
98 70 4
99 70 4
1 71 4
6 71 4
10 71 4
11 71 3
23 71 4
28 71 4
33 71 7
38 71 7
40 71 4
46 71 4
50 71 4
53 71 5
56 71 4
62 71 5
63 71 6
69 71 4
70 71 4
75 71 6
80 71 7
81 71 6
90 71 3
5 72 5
7 72 5
31 72 4
38 72 4
39 72 3
41 72 6
55 72 7
60 72 5
61 72 6
67 72 7
73 72 5
77 72 5
82 72 5
84 72 4
91 72 5
95 72 7
98 72 3
99 72 3
7 73 6
8 73 5
9 73 7
14 73 5
26 73 7
28 73 6
29 73 6
30 73 7
31 73 6
33 73 3
36 73 5
37 73 3
41 73 4
44 73 5
61 73 3
64 73 4
66 73 7
70 73 4
77 73 6
78 73 5
80 73 3
81 73 5
91 73 7
95 73 5
5 74 3
6 74 3
8 74 6
24 74 3
26 74 6
27 74 7
28 74 7
31 74 4
33 74 3
35 74 5
36 74 5
37 74 6
38 74 4
44 74 4
45 74 6
47 74 4
52 74 5
53 74 3
60 74 3
64 74 6
68 74 5
77 74 6
79 74 4
83 74 5
84 74 5
89 74 3
93 74 5
98 74 3
1 75 7
7 75 4
9 75 7
12 75 3
20 75 5
22 75 6
23 75 7
28 75 4
30 75 5
36 75 7
40 75 5
41 75 5
42 75 7
56 75 4
57 75 7
59 75 4
64 75 4
66 75 6
68 75 7
79 75 7
86 75 4
95 75 5
97 75 7
4 76 7
7 76 6
11 76 6
13 76 4
27 76 5
36 76 7
40 76 5
43 76 7
44 76 5
51 76 7
56 76 6
67 76 5
68 76 3
69 76 5
71 76 4
74 76 7
77 76 4
93 76 7
11 77 6
13 77 6
21 77 3
22 77 5
27 77 5
30 77 4
32 77 4
34 77 6
35 77 3
39 77 3
41 77 3
44 77 6
46 77 5
47 77 3
60 77 4
62 77 6
71 77 6
72 77 5
73 77 5
81 77 5
89 77 4
97 77 3
99 77 3
0 78 6
5 78 3
7 78 4
14 78 3
32 78 7
39 78 5
42 78 3
52 78 4
61 78 6
70 78 7
74 78 3
79 78 5
81 78 6
86 78 7
2 79 7
3 79 6
4 79 3
5 79 4
6 79 5
9 79 7
14 79 6
26 79 5
35 79 3
36 79 5
40 79 6
42 79 6
43 79 4
45 79 6
48 79 6
49 79 5
50 79 5
52 79 4
58 79 6
67 79 3
72 79 7
75 79 7
82 79 6
83 79 6
89 79 7
93 79 5
5 80 7
11 80 5
32 80 6
35 80 6
40 80 6
44 80 5
67 80 7
68 80 6
73 80 5
76 80 6
77 80 6
78 80 5
85 80 4
87 80 6
92 80 7
99 80 3
2 81 4
5 81 5
24 81 3
28 81 3
29 81 7
34 81 3
37 81 3
42 81 5
43 81 4
49 81 4
53 81 4
60 81 4
79 81 3
85 81 3
96 81 6
98 81 7
4 82 7
6 82 6
10 82 3
12 82 4
25 82 5
27 82 3
35 82 5
37 82 5
42 82 6
48 82 4
51 82 5
54 82 7
56 82 5
72 82 4
80 82 7
81 82 7
83 82 6
87 82 5
88 82 4
89 82 5
93 82 3
95 82 7
2 83 4
9 83 7
23 83 6
35 83 3
36 83 4
37 83 3
40 83 5
41 83 5
46 83 4
47 83 3
53 83 4
60 83 3
66 83 7
67 83 4
72 83 4
80 83 7
81 83 6
88 83 5
92 83 4
93 83 7
1 84 7
7 84 3
10 84 5
27 84 4
42 84 5
44 84 4
51 84 7
53 84 6
59 84 5
68 84 3
76 84 3
78 84 5
80 84 5
81 84 4
83 84 6
87 84 3
89 84 6
0 85 5
2 85 3
5 85 7
10 85 4
22 85 6
23 85 4
34 85 5
38 85 6
44 85 3
50 85 5
54 85 7
56 85 3
57 85 7
59 85 4
60 85 6
65 85 5
72 85 3
76 85 5
78 85 6
79 85 4
81 85 5
86 85 7
87 85 3
91 85 7
92 85 5
95 85 5
99 85 6
1 86 7
4 86 7
6 86 6
7 86 6
10 86 7
22 86 3
26 86 5
35 86 5
36 86 5
42 86 7
45 86 7
46 86 6
47 86 5
49 86 4
50 86 4
51 86 7
53 86 4
63 86 3
69 86 5
72 86 4
76 86 7
84 86 7
87 86 4
2 87 5
4 87 7
5 87 5
6 87 5
12 87 5
21 87 7
23 87 3
32 87 6
36 87 6
37 87 4
48 87 4
50 87 6
51 87 5
54 87 6
71 87 4
73 87 3
74 87 5
75 87 6
78 87 3
80 87 6
1 88 5
11 88 5
43 88 6
45 88 4
48 88 5
54 88 4
55 88 4
60 88 5
62 88 6
64 88 4
84 88 3
85 88 7
91 88 4
98 88 7
28 89 6
40 89 3
48 89 3
49 89 4
51 89 4
52 89 3
53 89 6
57 89 7
58 89 5
61 89 6
70 89 4
73 89 7
80 89 3
81 89 4
85 89 3
87 89 6
90 89 7
93 89 4
94 89 4
95 89 4
98 89 5
5 90 5
7 90 4
12 90 6
23 90 4
24 90 6
27 90 7
33 90 7
42 90 3
70 90 5
83 90 6
88 90 3
89 90 6
93 90 5
1 91 5
4 91 4
5 91 4
6 91 4
42 91 7
45 91 6
51 91 7
52 91 4
60 91 4
63 91 4
68 91 5
71 91 3
72 91 3
74 91 6
86 91 7
90 91 4
95 91 3
97 91 3
99 91 7
9 92 3
12 92 3
20 92 6
23 92 6
27 92 6
42 92 6
48 92 5
49 92 7
50 92 5
54 92 7
56 92 7
66 92 6
76 92 5
78 92 6
79 92 6
90 92 4
91 92 7
97 92 7
4 93 4
5 93 6
6 93 6
7 93 3
10 93 5
21 93 5
37 93 3
40 93 3
52 93 7
65 93 4
68 93 4
77 93 7
88 93 4
90 93 7
1 94 7
8 94 6
11 94 7
23 94 3
34 94 5
35 94 5
40 94 6
51 94 4
55 94 3
56 94 6
60 94 3
63 94 5
82 94 3
92 94 5
96 94 5
97 94 7
2 95 4
4 95 5
5 95 5
7 95 7
10 95 4
13 95 6
22 95 4
33 95 5
37 95 5
38 95 7
41 95 4
48 95 5
55 95 6
56 95 6
60 95 6
63 95 6
68 95 6
70 95 7
73 95 7
74 95 6
85 95 5
88 95 6
1 96 4
2 96 7
6 96 5
8 96 4
10 96 3
12 96 7
23 96 6
24 96 7
30 96 4
42 96 5
47 96 7
57 96 3
67 96 3
71 96 3
73 96 6
76 96 4
80 96 3
85 96 5
89 96 7
95 96 4
7 97 4
20 97 4
21 97 6
29 97 6
34 97 5
43 97 6
44 97 3
46 97 4
52 97 3
64 97 5
79 97 3
81 97 6
87 97 5
95 97 6
98 97 3
6 98 7
7 98 4
8 98 7
10 98 3
28 98 3
29 98 7
37 98 3
47 98 6
50 98 4
54 98 6
57 98 4
59 98 4
63 98 7
68 98 3
69 98 4
71 98 5
82 98 7
83 98 5
86 98 7
87 98 4
89 98 4
91 98 5
94 98 3
96 98 6
0 99 5
2 99 3
3 99 5
4 99 7
7 99 5
9 99 6
10 99 5
21 99 5
26 99 5
31 99 7
35 99 4
37 99 3
38 99 3
41 99 7
42 99 3
44 99 6
45 99 4
48 99 3
57 99 3
71 99 4
80 99 4
81 99 6
91 99 6
96 99 4
98 99 4
17 0 4
15 1 6
17 2 7
16 3 4
19 3 5
17 4 4
19 5 3
15 6 6
16 7 7
15 8 5
18 8 6
15 10 3
15 11 5
16 11 3
18 11 6
16 12 4
17 12 6
17 13 5
18 14 5
19 14 5
19 20 6
17 22 5
17 24 3
18 24 5
16 26 3
17 26 4
16 27 3
19 27 5
15 28 4
16 28 4
17 28 7
19 28 7
16 29 4
17 31 6
15 34 3
16 34 4
19 34 4
16 35 4
17 37 4
19 37 3
17 39 5
18 39 3
19 39 5
16 41 3
18 41 3
16 42 4
17 42 7
19 42 6
19 43 5
18 44 5
15 45 6
18 45 4
15 48 3
16 48 5
16 49 5
18 49 3
18 50 7
16 51 6
15 52 6
17 54 3
16 55 4
19 55 4
17 59 5
18 60 6
16 61 3
15 62 7
17 62 6
15 64 5
16 64 3
16 65 6
17 65 5
16 66 6
18 67 6
19 67 6
18 68 5
19 68 4
15 70 7
17 70 6
17 72 3
16 73 7
17 73 3
19 73 6
17 74 4
18 75 7
18 76 3
15 77 7
16 78 3
17 78 4
17 81 3
19 81 7
18 83 4
19 83 3
15 84 5
17 84 6
19 86 6
15 88 3
18 90 5
15 91 6
16 91 4
17 91 3
15 92 5
18 92 6
15 93 3
17 93 5
17 94 7
18 95 6
16 98 3
15 99 6
2 15 7
3 15 6
4 15 5
5 15 3
6 15 4
7 15 6
8 15 7
9 15 4
10 15 4
11 15 6
12 15 7
13 15 3
20 15 6
21 15 7
22 15 3
24 15 7
25 15 7
26 15 5
27 15 6
28 15 7
29 15 7
30 15 4
31 15 6
33 15 5
34 15 6
35 15 3
36 15 4
37 15 5
38 15 4
39 15 5
40 15 5
41 15 3
43 15 5
44 15 3
46 15 5
47 15 3
49 15 6
50 15 5
51 15 6
52 15 4
53 15 5
54 15 4
55 15 5
56 15 7
58 15 5
59 15 3
60 15 7
61 15 5
62 15 3
63 15 6
64 15 3
67 15 3
70 15 6
71 15 6
72 15 4
74 15 3
75 15 3
77 15 6
79 15 7
80 15 3
81 15 5
82 15 3
84 15 4
85 15 7
86 15 7
87 15 6
88 15 3
89 15 4
90 15 7
91 15 3
92 15 4
94 15 4
95 15 7
97 15 5
98 15 3
99 15 5
0 16 7
1 16 3
2 16 5
3 16 4
4 16 5
5 16 5
6 16 7
7 16 7
8 16 7
9 16 7
10 16 6
11 16 7
12 16 3
13 16 4
14 16 5
20 16 5
21 16 7
22 16 6
23 16 5
24 16 6
25 16 6
27 16 7
31 16 7
32 16 6
33 16 5
34 16 5
35 16 3
37 16 5
38 16 5
40 16 7
41 16 7
42 16 3
43 16 3
44 16 6
45 16 4
47 16 3
48 16 7
49 16 5
52 16 5
53 16 5
54 16 5
55 16 4
57 16 4
59 16 4
60 16 4
62 16 4
66 16 4
67 16 3
68 16 6
69 16 7
70 16 3
71 16 6
72 16 7
74 16 6
75 16 7
76 16 5
77 16 7
78 16 5
79 16 3
80 16 4
81 16 6
82 16 7
83 16 6
85 16 3
86 16 5
87 16 7
88 16 7
89 16 4
90 16 3
91 16 4
92 16 3
93 16 6
94 16 5
95 16 3
96 16 7
97 16 3
98 16 5
99 16 5
0 17 3
2 17 4
3 17 7
4 17 7
5 17 6
6 17 5
7 17 7
8 17 6
9 17 3
10 17 3
11 17 7
13 17 3
21 17 4
22 17 3
23 17 4
24 17 4
26 17 6
27 17 6
28 17 6
29 17 4
30 17 3
31 17 3
34 17 7
35 17 4
36 17 5
37 17 7
38 17 5
42 17 5
43 17 4
44 17 5
45 17 5
46 17 7
47 17 3
48 17 4
49 17 3
50 17 5
52 17 4
54 17 5
55 17 4
56 17 4
58 17 4
59 17 7
60 17 6
61 17 7
62 17 6
63 17 5
64 17 5
65 17 3
66 17 6
67 17 6
69 17 6
70 17 5
71 17 5
72 17 7
73 17 6
74 17 7
75 17 3
77 17 7
78 17 6
79 17 4
80 17 4
81 17 4
82 17 6
83 17 7
84 17 3
85 17 5
86 17 4
87 17 3
88 17 4
89 17 4
90 17 5
91 17 5
92 17 7
93 17 4
94 17 4
95 17 3
96 17 6
98 17 5
99 17 3
0 18 7
2 18 7
3 18 6
4 18 3
5 18 3
6 18 5
7 18 6
8 18 6
9 18 5
10 18 7
11 18 3
12 18 5
13 18 7
14 18 5
20 18 4
22 18 5
23 18 5
24 18 3
26 18 3
27 18 6
28 18 5
29 18 4
30 18 6
31 18 3
33 18 6
34 18 5
35 18 7
36 18 7
37 18 6
38 18 6
39 18 5
40 18 4
41 18 7
43 18 7
44 18 3
45 18 6
46 18 4
47 18 4
48 18 5
49 18 6
50 18 4
51 18 6
52 18 4
53 18 5
54 18 6
56 18 3
57 18 3
58 18 3
60 18 7
61 18 3
62 18 3
63 18 4
64 18 3
66 18 6
67 18 7
68 18 4
69 18 4
70 18 5
72 18 3
73 18 4
74 18 4
75 18 6
76 18 6
77 18 6
78 18 5
79 18 6
80 18 4
81 18 4
82 18 3
83 18 4
84 18 4
85 18 6
88 18 3
89 18 5
90 18 4
91 18 5
92 18 4
94 18 3
95 18 7
96 18 6
97 18 7
98 18 4
99 18 5
0 19 4
2 19 6
3 19 5
4 19 3
5 19 7
6 19 6
7 19 7
8 19 5
9 19 6
10 19 4
11 19 6
12 19 4
13 19 5
14 19 4
21 19 6
22 19 5
23 19 5
24 19 5
25 19 4
26 19 6
27 19 6
28 19 5
30 19 5
31 19 7
32 19 4
33 19 7
34 19 3
35 19 7
36 19 4
37 19 6
38 19 3
39 19 7
40 19 4
42 19 7
43 19 7
44 19 4
45 19 4
46 19 6
47 19 6
48 19 5
49 19 6
50 19 7
51 19 5
52 19 3
53 19 3
54 19 4
55 19 7
56 19 6
57 19 6
59 19 5
60 19 3
62 19 3
64 19 4
65 19 6
66 19 6
68 19 4
69 19 6
70 19 3
71 19 4
72 19 7
73 19 3
74 19 5
75 19 5
76 19 3
77 19 6
78 19 3
80 19 7
81 19 6
82 19 5
83 19 4
84 19 3
85 19 4
86 19 6
88 19 5
90 19 3
91 19 3
92 19 3
94 19 4
95 19 4
96 19 3
97 19 5
98 19 7
99 19 6
0 100 3
1 100 5
2 100 6
4 100 4
6 100 6
8 100 5
9 100 5
10 100 5
11 100 7
12 100 6
14 100 3
21 100 3
22 100 7
24 100 7
25 100 4
26 100 3
27 100 4
29 100 4
30 100 5
31 100 3
32 100 5
33 100 4
34 100 7
35 100 7
37 100 3
38 100 4
39 100 6
40 100 7
41 100 7
42 100 3
43 100 4
44 100 4
45 100 6
47 100 3
48 100 6
49 100 4
51 100 7
53 100 6
54 100 7
55 100 7
57 100 4
58 100 5
60 100 4
61 100 3
62 100 5
64 100 5
67 100 6
68 100 4
69 100 5
71 100 5
73 100 4
74 100 5
75 100 3
76 100 5
77 100 4
78 100 5
79 100 6
81 100 6
82 100 6
83 100 7
84 100 4
85 100 7
86 100 7
87 100 4
88 100 3
89 100 5
90 100 7
92 100 3
94 100 7
96 100 5
98 100 7
99 100 7
1 101 5
2 101 4
3 101 3
4 101 6
7 101 5
8 101 5
9 101 7
10 101 5
12 101 4
13 101 6
14 101 7
20 101 4
24 101 3
25 101 5
27 101 4
29 101 3
30 101 4
33 101 6
34 101 3
37 101 5
38 101 4
39 101 5
40 101 6
41 101 7
42 101 6
43 101 6
44 101 3
46 101 6
47 101 6
49 101 3
51 101 7
52 101 7
53 101 4
56 101 3
57 101 3
58 101 7
59 101 5
61 101 6
62 101 7
63 101 4
65 101 3
67 101 3
68 101 6
69 101 7
71 101 5
72 101 5
73 101 6
74 101 5
76 101 4
77 101 5
78 101 7
79 101 7
80 101 7
81 101 3
84 101 4
85 101 5
89 101 5
90 101 7
91 101 3
92 101 6
93 101 7
94 101 3
95 101 7
96 101 7
97 101 7
99 101 4
0 102 7
1 102 3
2 102 7
3 102 6
4 102 7
5 102 3
6 102 7
7 102 4
9 102 7
10 102 5
11 102 4
14 102 5
20 102 6
21 102 6
22 102 3
23 102 4
24 102 4
25 102 7
27 102 4
28 102 5
30 102 7
31 102 6
33 102 4
35 102 3
36 102 4
38 102 5
40 102 5
41 102 4
42 102 5
43 102 5
44 102 3
47 102 5
48 102 6
49 102 3
50 102 5
51 102 7
52 102 6
53 102 7
54 102 4
55 102 7
56 102 6
57 102 5
59 102 6
60 102 6
61 102 4
62 102 4
65 102 7
66 102 3
67 102 6
69 102 5
71 102 7
73 102 7
76 102 6
77 102 7
78 102 4
81 102 7
82 102 7
83 102 4
85 102 5
86 102 3
87 102 7
88 102 4
89 102 3
90 102 3
91 102 3
92 102 4
93 102 3
94 102 3
95 102 5
96 102 4
97 102 3
98 102 3
99 102 7
0 103 6
1 103 7
3 103 4
4 103 5
5 103 5
6 103 5
9 103 4
11 103 3
12 103 5
13 103 4
14 103 5
20 103 4
22 103 3
25 103 5
26 103 7
27 103 4
28 103 4
29 103 4
31 103 6
32 103 4
33 103 7
34 103 5
35 103 3
36 103 6
37 103 5
38 103 5
39 103 3
40 103 6
41 103 6
43 103 4
44 103 6
45 103 7
47 103 4
48 103 6
49 103 3
50 103 6
51 103 6
52 103 6
53 103 3
54 103 5
55 103 4
56 103 3
57 103 3
59 103 4
60 103 6
61 103 6
62 103 3
63 103 6
64 103 6
65 103 6
66 103 6
67 103 6
68 103 4
70 103 3
72 103 7
73 103 5
74 103 6
76 103 7
77 103 5
79 103 7
80 103 5
81 103 7
82 103 5
83 103 3
84 103 7
85 103 3
87 103 5
88 103 7
89 103 4
90 103 3
91 103 6
92 103 7
96 103 7
97 103 6
99 103 6
0 104 6
1 104 3
2 104 4
5 104 7
6 104 5
7 104 6
8 104 5
9 104 7
10 104 5
11 104 5
12 104 7
13 104 4
14 104 6
20 104 7
24 104 6
26 104 4
28 104 6
29 104 7
30 104 7
31 104 5
32 104 7
33 104 5
34 104 6
35 104 3
36 104 3
38 104 3
41 104 4
42 104 4
44 104 6
45 104 4
46 104 5
47 104 3
49 104 7
50 104 6
51 104 6
52 104 5
53 104 6
54 104 3
56 104 4
58 104 6
60 104 7
62 104 4
64 104 5
66 104 6
67 104 5
71 104 6
72 104 4
74 104 3
75 104 6
76 104 6
77 104 5
78 104 6
80 104 3
81 104 4
83 104 3
84 104 4
85 104 4
88 104 7
89 104 3
90 104 3
91 104 6
95 104 6
98 104 4
99 104 3
0 105 3
4 105 6
6 105 3
7 105 5
8 105 4
9 105 5
11 105 5
12 105 6
13 105 6
14 105 5
20 105 5
22 105 7
23 105 3
24 105 7
25 105 6
26 105 7
27 105 3
28 105 6
30 105 4
31 105 6
32 105 5
33 105 4
36 105 3
37 105 7
38 105 6
39 105 5
41 105 7
42 105 4
43 105 6
44 105 5
45 105 3
46 105 6
47 105 5
48 105 3
50 105 4
51 105 5
52 105 4
53 105 7
55 105 6
56 105 3
59 105 6
60 105 3
61 105 4
62 105 6
64 105 6
66 105 7
67 105 4
68 105 7
70 105 5
72 105 5
74 105 4
76 105 7
78 105 5
79 105 6
80 105 6
81 105 6
82 105 7
83 105 3
84 105 3
85 105 7
86 105 6
88 105 7
89 105 5
90 105 3
91 105 4
92 105 6
93 105 3
94 105 4
99 105 7
0 106 7
2 106 4
3 106 5
4 106 6
5 106 4
6 106 6
7 106 5
9 106 6
11 106 7
12 106 6
20 106 3
24 106 4
26 106 4
27 106 7
29 106 4
30 106 4
31 106 3
32 106 7
33 106 3
34 106 7
35 106 3
37 106 4
38 106 6
39 106 3
40 106 6
42 106 5
43 106 3
44 106 3
45 106 5
46 106 3
47 106 5
48 106 7
49 106 4
50 106 4
51 106 6
52 106 6
53 106 7
54 106 6
55 106 4
56 106 4
57 106 6
58 106 4
59 106 5
62 106 5
63 106 6
65 106 6
66 106 3
67 106 5
68 106 5
70 106 3
72 106 6
74 106 7
75 106 4
77 106 6
78 106 6
82 106 7
84 106 7
85 106 5
87 106 3
88 106 6
89 106 6
92 106 4
94 106 5
95 106 4
98 106 7
99 106 4
0 107 4
1 107 3
2 107 3
3 107 3
4 107 4
5 107 3
6 107 3
7 107 6
8 107 3
10 107 5
11 107 6
12 107 7
13 107 3
14 107 7
20 107 4
21 107 3
22 107 6
24 107 4
25 107 7
26 107 6
27 107 6
28 107 4
29 107 7
30 107 6
31 107 4
32 107 6
33 107 5
34 107 6
35 107 7
41 107 3
43 107 5
46 107 5
47 107 3
48 107 7
49 107 7
52 107 7
54 107 7
55 107 6
56 107 5
57 107 7
58 107 4
59 107 5
60 107 5
61 107 7
62 107 4
63 107 3
64 107 3
65 107 4
67 107 5
68 107 4
70 107 7
71 107 5
72 107 3
73 107 4
74 107 4
75 107 6
76 107 5
78 107 7
82 107 5
83 107 3
84 107 4
85 107 3
86 107 6
87 107 7
88 107 3
90 107 3
92 107 3
93 107 3
95 107 7
96 107 3
97 107 6
98 107 3
99 107 4
0 108 5
1 108 4
2 108 5
3 108 4
5 108 7
6 108 6
7 108 3
9 108 7
10 108 6
11 108 4
13 108 6
14 108 3
20 108 5
21 108 4
22 108 4
24 108 4
25 108 6
26 108 6
27 108 6
28 108 4
29 108 6
30 108 6
31 108 5
33 108 6
35 108 5
38 108 5
39 108 7
41 108 6
42 108 6
43 108 4
47 108 3
48 108 3
49 108 5
50 108 3
51 108 6
52 108 7
57 108 6
58 108 6
60 108 5
61 108 6
62 108 6
63 108 3
64 108 3
66 108 3
67 108 4
69 108 7
70 108 7
72 108 3
73 108 4
74 108 3
75 108 4
76 108 3
78 108 3
79 108 4
81 108 3
82 108 5
83 108 7
84 108 7
85 108 6
86 108 6
87 108 6
88 108 3
90 108 6
92 108 5
93 108 6
95 108 6
98 108 6
99 108 5
0 109 4
1 109 3
2 109 5
4 109 5
5 109 3
6 109 3
7 109 7
8 109 4
10 109 5
13 109 7
20 109 3
23 109 6
24 109 6
25 109 3
27 109 5
29 109 7
30 109 3
31 109 4
32 109 4
33 109 4
34 109 4
35 109 5
36 109 6
37 109 6
38 109 6
39 109 5
40 109 5
42 109 6
44 109 3
45 109 4
46 109 3
47 109 3
48 109 3
49 109 4
50 109 6
51 109 4
52 109 7
53 109 6
56 109 3
57 109 3
60 109 6
61 109 7
62 109 7
63 109 3
65 109 3
66 109 7
67 109 6
68 109 6
69 109 4
71 109 6
73 109 7
74 109 7
75 109 4
77 109 4
79 109 5
80 109 5
82 109 4
83 109 7
84 109 6
85 109 7
86 109 3
87 109 3
88 109 5
89 109 5
90 109 6
92 109 4
94 109 7
95 109 4
96 109 5
97 109 4
98 109 6
99 109 7
0 110 6
1 110 4
2 110 3
3 110 4
4 110 4
5 110 5
6 110 4
7 110 5
8 110 6
9 110 5
13 110 3
14 110 4
20 110 7
22 110 6
24 110 6
26 110 4
31 110 7
34 110 3
36 110 7
37 110 3
38 110 4
39 110 4
40 110 3
41 110 4
42 110 4
45 110 4
47 110 7
48 110 7
49 110 6
50 110 7
51 110 6
52 110 7
53 110 5
54 110 4
56 110 5
57 110 5
58 110 7
59 110 4
60 110 7
61 110 7
63 110 5
65 110 6
66 110 4
67 110 3
68 110 7
70 110 5
71 110 7
73 110 4
74 110 5
75 110 6
78 110 7
79 110 6
80 110 7
81 110 4
82 110 7
83 110 4
84 110 3
86 110 5
87 110 5
88 110 7
89 110 5
90 110 4
91 110 3
92 110 6
93 110 4
94 110 3
96 110 3
97 110 3
99 110 6
0 111 3
1 111 6
2 111 7
3 111 5
6 111 7
7 111 6
9 111 4
11 111 7
13 111 5
14 111 7
20 111 6
21 111 3
22 111 3
24 111 7
25 111 7
26 111 6
27 111 7
28 111 7
29 111 3
30 111 7
31 111 7
32 111 5
35 111 4
36 111 4
38 111 3
39 111 3
40 111 7
41 111 6
42 111 5
43 111 6
44 111 5
45 111 7
46 111 3
47 111 6
48 111 6
49 111 6
50 111 6
51 111 4
52 111 6
53 111 4
54 111 4
57 111 6
58 111 3
59 111 4
60 111 5
61 111 7
62 111 6
63 111 5
65 111 3
66 111 6
68 111 4
69 111 5
71 111 4
72 111 7
73 111 5
76 111 3
77 111 4
78 111 4
80 111 5
82 111 7
84 111 7
85 111 6
86 111 6
87 111 3
89 111 7
90 111 4
91 111 6
92 111 6
93 111 4
94 111 5
95 111 7
96 111 3
99 111 3
0 112 6
1 112 7
2 112 5
4 112 7
5 112 6
6 112 3
7 112 5
10 112 5
11 112 5
12 112 7
14 112 4
20 112 7
21 112 4
22 112 6
23 112 3
24 112 7
25 112 6
26 112 5
27 112 4
28 112 6
29 112 6
30 112 6
31 112 3
32 112 5
33 112 6
34 112 5
35 112 3
37 112 6
38 112 5
39 112 5
40 112 4
41 112 5
42 112 7
43 112 4
44 112 6
45 112 3
47 112 6
49 112 6
50 112 5
51 112 4
53 112 4
55 112 7
56 112 7
57 112 3
58 112 4
59 112 3
60 112 4
62 112 6
64 112 7
65 112 3
66 112 5
67 112 7
69 112 4
70 112 7
73 112 7
76 112 3
77 112 4
78 112 5
79 112 7
80 112 6
82 112 5
83 112 6
84 112 3
86 112 3
87 112 7
88 112 5
89 112 5
90 112 3
91 112 4
92 112 7
93 112 4
94 112 5
95 112 4
96 112 5
97 112 3
98 112 7
99 112 4
0 113 6
1 113 5
2 113 3
3 113 4
4 113 5
5 113 7
6 113 7
7 113 5
8 113 4
10 113 7
14 113 7
20 113 7
21 113 3
22 113 7
23 113 4
24 113 6
25 113 5
26 113 4
27 113 5
29 113 3
31 113 5
33 113 4
34 113 6
35 113 5
36 113 5
38 113 5
39 113 4
40 113 7
42 113 6
46 113 7
47 113 3
50 113 6
53 113 3
55 113 4
56 113 4
57 113 7
58 113 3
59 113 6
61 113 4
62 113 4
63 113 4
64 113 3
65 113 5
66 113 4
67 113 7
69 113 5
71 113 3
73 113 6
75 113 3
76 113 6
77 113 6
78 113 6
79 113 7
80 113 6
81 113 5
83 113 4
84 113 3
85 113 3
86 113 6
87 113 5
88 113 3
89 113 3
91 113 5
92 113 7
93 113 7
94 113 6
96 113 3
97 113 4
0 114 4
1 114 4
2 114 7
4 114 6
6 114 4
7 114 4
8 114 4
10 114 5
11 114 4
12 114 5
13 114 7
14 114 5
21 114 5
22 114 3
24 114 7
26 114 7
28 114 5
32 114 5
34 114 4
35 114 6
36 114 6
37 114 3
38 114 6
40 114 5
41 114 7
42 114 4
43 114 7
45 114 4
46 114 4
47 114 6
48 114 7
51 114 4
52 114 3
53 114 5
54 114 4
55 114 6
56 114 3
58 114 4
61 114 5
62 114 3
63 114 6
64 114 6
65 114 6
66 114 3
70 114 6
73 114 4
74 114 4
75 114 7
76 114 6
77 114 5
79 114 6
80 114 5
81 114 5
82 114 4
83 114 3
85 114 7
86 114 5
87 114 5
88 114 6
89 114 6
91 114 7
92 114 4
95 114 5
96 114 6
98 114 3
1 115 5
4 115 7
5 115 6
6 115 4
7 115 4
8 115 5
9 115 7
10 115 4
11 115 6
12 115 5
13 115 3
21 115 7
22 115 6
23 115 7
25 115 6
26 115 4
27 115 5
29 115 4
30 115 4
32 115 6
33 115 7
35 115 6
36 115 3
37 115 6
40 115 6
41 115 6
42 115 5
43 115 6
44 115 3
45 115 5
47 115 7
49 115 7
50 115 6
51 115 7
53 115 5
55 115 7
56 115 7
57 115 4
60 115 3
63 115 6
64 115 7
66 115 6
67 115 5
71 115 7
72 115 3
73 115 3
74 115 7
76 115 7
77 115 5
78 115 5
79 115 7
80 115 6
82 115 7
83 115 7
84 115 4
85 115 5
86 115 7
87 115 5
88 115 6
89 115 7
90 115 6
91 115 7
92 115 3
93 115 5
94 115 6
95 115 3
96 115 4
97 115 4
98 115 7
99 115 7
0 116 3
1 116 5
2 116 7
3 116 5
4 116 4
5 116 3
6 116 3
7 116 4
9 116 3
10 116 5
11 116 5
13 116 6
21 116 3
22 116 5
23 116 3
25 116 6
26 116 7
27 116 3
28 116 6
29 116 6
30 116 4
32 116 6
33 116 5
34 116 3
35 116 3
36 116 4
37 116 6
38 116 5
40 116 7
41 116 7
42 116 6
43 116 5
44 116 3
47 116 3
48 116 5
49 116 7
50 116 4
51 116 7
53 116 6
54 116 3
56 116 4
57 116 7
59 116 5
62 116 7
63 116 5
64 116 7
66 116 4
67 116 5
68 116 5
69 116 5
70 116 3
73 116 6
74 116 6
76 116 4
77 116 3
79 116 4
80 116 5
81 116 5
83 116 6
84 116 3
85 116 3
86 116 7
87 116 4
88 116 6
89 116 4
90 116 7
91 116 5
93 116 6
94 116 5
95 116 5
96 116 5
0 117 5
1 117 3
2 117 5
3 117 7
4 117 6
5 117 6
6 117 5
7 117 5
9 117 3
10 117 5
21 117 3
22 117 5
23 117 3
24 117 7
25 117 4
26 117 4
27 117 7
28 117 7
29 117 3
30 117 4
32 117 7
33 117 3
34 117 6
35 117 6
36 117 7
37 117 3
38 117 4
39 117 7
40 117 7
42 117 7
45 117 5
46 117 6
47 117 3
49 117 7
50 117 7
51 117 6
52 117 3
54 117 7
55 117 7
56 117 6
58 117 3
59 117 5
60 117 5
62 117 6
63 117 5
64 117 4
65 117 4
68 117 7
69 117 6
71 117 7
72 117 3
73 117 6
74 117 4
75 117 7
76 117 6
78 117 5
79 117 5
80 117 4
81 117 3
83 117 6
84 117 7
85 117 7
86 117 4
87 117 3
88 117 7
89 117 6
90 117 7
91 117 3
92 117 4
94 117 7
95 117 3
96 117 5
97 117 4
99 117 4
0 118 7
1 118 3
2 118 3
5 118 3
6 118 7
7 118 7
9 118 3
10 118 7
11 118 5
12 118 5
13 118 7
14 118 7
20 118 4
21 118 4
23 118 7
24 118 5
25 118 3
26 118 4
27 118 4
30 118 5
31 118 6
32 118 6
35 118 5
36 118 5
37 118 6
38 118 7
39 118 7
40 118 6
41 118 3
42 118 3
44 118 7
46 118 4
47 118 7
50 118 5
51 118 7
53 118 5
54 118 3
55 118 3
56 118 7
57 118 5
58 118 4
59 118 3
60 118 6
61 118 6
62 118 3
66 118 3
67 118 6
68 118 4
70 118 3
71 118 3
72 118 5
74 118 5
75 118 6
76 118 7
77 118 3
78 118 3
80 118 7
83 118 5
84 118 5
85 118 7
87 118 6
89 118 3
90 118 5
91 118 3
93 118 6
94 118 4
95 118 4
96 118 5
97 118 7
98 118 3
99 118 3
1 119 7
2 119 3
3 119 4
4 119 6
5 119 5
6 119 5
7 119 4
8 119 5
9 119 5
10 119 4
12 119 7
13 119 7
14 119 4
22 119 7
23 119 5
24 119 7
25 119 5
26 119 4
29 119 6
31 119 3
33 119 7
34 119 3
35 119 6
36 119 5
37 119 3
38 119 7
40 119 3
41 119 4
42 119 3
43 119 7
44 119 3
45 119 5
46 119 6
47 119 6
50 119 5
51 119 6
53 119 4
55 119 3
57 119 3
58 119 5
61 119 6
62 119 3
63 119 7
64 119 4
65 119 5
66 119 3
67 119 5
70 119 6
72 119 3
73 119 7
77 119 3
78 119 4
79 119 5
81 119 4
82 119 5
83 119 3
84 119 6
85 119 4
86 119 5
87 119 4
90 119 3
92 119 6
93 119 3
94 119 7
95 119 6
99 119 5
16 15 6
17 15 5
18 15 5
19 15 7
15 16 4
17 16 6
18 16 4
19 16 3
15 17 6
18 17 5
19 17 7
15 18 5
16 18 4
17 18 5
15 19 3
16 19 7
17 19 7
18 19 5
15 100 3
16 100 4
17 100 3
18 100 6
19 100 4
15 101 7
16 101 7
17 101 6
18 101 7
19 101 3
15 102 5
17 102 4
18 102 5
19 102 7
15 103 4
16 103 6
17 103 5
18 103 7
19 103 3
15 104 5
17 104 6
18 104 4
19 104 5
15 105 6
16 105 4
17 105 4
18 105 5
16 106 5
17 106 5
18 106 3
19 106 5
15 107 5
16 107 3
17 107 7
18 107 5
15 108 4
16 108 6
17 108 4
18 108 3
19 108 3
15 109 4
16 109 4
18 109 6
15 110 5
16 110 7
18 110 4
19 110 6
16 111 5
18 111 4
15 112 3
18 112 6
19 112 3
15 113 3
16 113 6
17 113 3
18 113 3
19 113 6
17 114 7
19 114 3
15 115 6
16 115 3
17 115 3
18 115 5
19 115 5
15 116 5
16 116 3
17 116 3
18 116 4
19 116 7
15 117 6
16 117 6
17 117 4
15 118 4
16 118 4
18 118 3
19 118 5
15 119 3
16 119 3
17 119 4
19 119 7
